0.99	1.72	2.69	3.58	3.36	3.79	6.05	6.42	5.65	8.47	9.62	6.78	11.37	8.06	13.10	10.70	12.94	8.96	13.48	14.02	14.03	11.55	10.19	12.77	8.00	13.89	13.24	6.87	13.22	7.32	12.48	5.36	
0.91	1.71	2.65	2.54	2.88	5.32	4.46	5.56	4.26	5.42	4.21	10.41	4.54	7.46	5.30	4.78	12.61	5.00	4.86	12.99	6.11	6.49	5.76	6.15	8.29	5.75	5.90	12.88	5.91	6.75	3.74	3.38	
1.03	1.69	2.02	2.70	2.31	2.44	2.53	3.39	5.45	7.83	5.37	2.92	10.25	9.74	11.21	3.40	10.29	5.31	3.49	12.24	5.83	7.07	4.84	12.81	4.53	4.07	2.47	2.72	3.96	5.17	2.58	3.53	
1.28	1.63	1.88	2.05	2.29	2.36	2.18	2.22	3.57	2.89	2.43	9.62	2.96	2.29	5.13	2.56	2.27	2.81	4.06	3.19	3.22	2.45	2.08	10.87	3.30	3.42	2.00	1.92	2.48	11.12	1.91	2.19	
1.32	1.48	1.62	1.66	1.90	2.00	1.72	1.78	1.74	1.88	2.27	2.29	1.93	1.96	2.07	4.55	2.91	2.67	3.12	1.81	2.16	1.85	1.90	2.02	1.69	1.85	1.87	1.82	1.72	1.66	1.91	1.78	
1.31	1.48	1.50	1.57	1.58	1.56	1.62	1.57	1.84	1.62	1.57	1.64	1.79	2.02	1.77	1.80	1.63	1.61	1.84	1.99	2.08	1.68	1.54	1.57	1.69	1.69	1.86	1.71	1.91	1.50	1.53	2.14	
1.50	1.59	1.43	1.65	1.61	1.66	2.32	1.54	1.56	1.54	1.66	1.92	1.50	1.57	1.64	1.69	1.62	1.52	1.70	1.63	1.64	1.61	1.48	1.57	1.51	1.47	1.51	1.49	1.52	1.58	1.62	1.64	
1.27	1.57	1.60	1.58	1.55	1.47	1.57	1.60	1.67	1.52	1.49	1.60	1.63	1.93	1.54	1.62	1.69	1.57	1.48	1.44	1.48	1.44	1.43	1.41	1.43	1.43	1.41	1.49	1.44	1.45	1.42	1.46	
1.37	1.41	1.63	1.54	1.82	1.41	1.45	1.40	1.43	1.39	1.40	1.42	1.45	1.40	1.44	1.46	1.39	1.40	1.41	1.41	1.41	1.45	1.41	1.41	1.39	1.41	1.49	1.38	1.38	1.41	1.40	1.49	
1.42	1.37	1.40	1.39	1.41	1.40	1.40	1.43	1.39	1.44	1.45	1.38	1.40	1.41	1.39	1.38	1.41	1.41	1.38	1.38	1.38	1.40	1.41	1.41	1.43	1.40	1.37	1.37	1.40	1.54	1.39	1.41	
1.47	1.43	1.39	1.42	1.39	1.37	1.37	1.37	1.41	1.54	1.59	1.61	1.43	1.42	1.47	1.43	1.42	1.37	1.42	1.39	1.40	1.42	1.38	1.40	1.38	1.37	1.40	1.40	1.41	1.40	1.37	1.36	
1.39	1.45	1.37	1.48	1.40	1.39	1.39	1.40	1.40	1.37	1.36	1.37	1.37	1.41	1.37	1.43	1.42	1.37	1.40	1.39	1.37	1.37	1.39	1.40	1.48	1.40	1.39	1.42	1.36	1.38	1.42	1.36	
1.39	1.48	1.44	1.36	1.39	1.37	1.44	1.40	1.40	1.37	1.42	1.37	1.37	1.56	1.59	1.56	1.49	1.39	1.41	1.42	1.39	1.42	1.41	1.41	1.38	1.37	1.39	1.36	1.39	1.40	1.36	1.36	
1.42	1.36	1.36	1.36	1.37	1.44	1.42	1.37	1.39	1.37	1.36	1.37	1.36	1.39	1.39	1.39	1.38	1.42	1.36	1.39	1.39	1.36	1.39	1.40	1.39	1.42	1.42	1.36	1.41	1.43	1.41	1.40	
1.39	1.43	1.36	1.39	1.48	1.42	1.39	1.36	1.39	1.45	1.37	1.36	1.36	1.46	1.42	1.59	1.59	1.48	1.45	1.38	1.41	1.39	1.35	1.39	1.36	1.36	1.36	1.36	1.36	1.39	1.38	1.42	
