#	s1	s2	s3	s4	s5	s6	s7	s8	s9	s10	s11	s12	s13	s14	s15	s16	s17	s18	s19	s20	s21	s22	s23	s24	s25	s26	s27	s28	s29	s30	s31	s32	
952	943	907	854	897	857	814	816	607	802	744	708	659	616	560	534	502	476	467	448	425	417	283	267	340	346	240	328	347	338	322	309	
959	948	986	893	956	933	823	884	749	806	764	618	659	618	578	545	513	494	470	451	336	370	401	395	392	383	357	361	349	337	326	315	
1020	1020	913	977	869	845	848	814	802	796	674	589	660	618	445	431	515	494	471	398	432	363	337	326	397	315	374	304	344	334	210	316	
957	1020	911	890	872	930	911	885	851	811	766	714	665	622	582	554	523	500	472	452	436	423	407	400	396	384	310	297	350	332	330	320	
1046	868	844	836	928	964	944	916	900	861	853	826	776	767	738	716	685	664	638	610	591	566	552	539	517	510	504	489	481	424	453	450	
954	940	933	941	937	935	929	908	916	910	899	886	877	864	862	834	838	821	823	791	798	783	779	782	770	777	774	770	758	752	752	743	
970	968	971	970	968	965	961	958	951	946	942	934	923	911	898	886	882	923	921	921	919	919	919	919	918	919	919	876	869	865	860	862	
977	1060	1016	1056	1054	1051	1048	1044	1038	1034	951	937	924	913	903	889	885	884	886	884	884	884	879	880	880	879	883	884	885	881	869	861	
975	973	973	970	969	966	964	960	953	949	944	939	928	918	905	893	891	890	888	889	888	885	884	886	884	883	886	888	888	882	872	864	
977	975	973	971	967	964	964	961	955	951	945	938	927	917	906	890	891	890	888	886	886	883	884	884	885	882	885	886	883	880	871	868	
977	975	974	972	971	968	965	962	958	955	950	950	944	941	936	925	922	923	924	923	921	924	923	926	920	922	919	921	918	917	914	913	
976	976	975	973	971	969	965	962	957	959	954	953	951	945	942	929	928	928	923	924	926	922	923	921	919	924	920	919	922	917	922	922	
976	975	974	972	971	968	967	961	957	956	948	951	946	942	940	923	925	925	921	927	923	919	922	922	936	924	940	915	923	943	936	923	
978	979	977	977	976	977	974	975	969	970	967	966	974	966	964	970	966	960	963	970	963	971	961	969	961	961	957	968	957	962	955	956	
978	976	976	978	973	970	973	973	972	973	965	967	962	962	960	965	966	952	948	965	951	950	955	949	943	947	951	944	933	933	931	952	
